TTNORM=.37601095448876295
TTTTNORM=0.00032598571339182407
WJETSNORM:=$(shell echo "35.8/1.6174381237200532"|bc -l)
